--- training setup 1 ---
xMin, xMax, nXProbes = -2.25, -0.25, 5
yMin, yMax, nYProbes = -2.25, 3.75, 7
xp = np.linspace(xMin, xMax, nXProbes)
yp = np.linspace(yMin, yMax, nYProbes)
X, Y = np.meshgrid(xp, yp)
probe_list = [(x, y) for x, y in zip(X.ravel(), Y.ravel())]

xMin, xMax, nXProbes = 0.25, 2.75, 6
yMin, yMax, nYProbes = 3.25, 4.25, 3
xp = np.linspace(xMin, xMax, nXProbes)
yp = np.linspace(yMin, yMax, nYProbes)
X, Y = np.meshgrid(xp, yp)
probe_list = probe_list + [(x, y) for x, y in zip(X.ravel(), Y.ravel())]
probe_locations = [item for sublist in probe_list for item in sublist]

obs_loc = [0.05654915242441765, 0.05581607521090581, 0.054949384398294276, 0.05414315829305478, 0.05345837882390656, 0.05539630652989333, 0.054211641474085887, 0.05270861886111518, 0.051174087182445746, 0.0497035203782256, 0.05419026779225829, 0.05246431577990479, 0.050111612968251715, 0.047484129266684334, 0.0446991085412007, 0.05361859516054296, 0.05145932922058188, 0.048280620460613974, 0.044326307862266476, 0.0395405945370759, 0.054403049319349826, 0.05225247407771208, 0.048862786833924254, 0.04409159024850553, 0.03694062266592475, 0.05695135846296694, 0.05566268554583673, 0.053778769144434496, 0.05141668956356027, 0.04847147387403002, 0.06020224758984901, 0.06005998203488, 0.060161339923457034, 0.060884676834152836, 0.06290676628040642, 0.0604208242794149, 0.07072920446145586, 0.06962652940487894, 0.04977927646429964, 0.03681588563407913, 0.0296380256116096, 0.06738870326683952, 0.07497922252697499, 0.0813910848257079, 0.0790863744986538, 0.07048038481614848, 0.06148803446770153, 0.07030914539019424, 0.07561168884676228, 0.08101427345995806, 0.08432486275421214, 0.0841513047187906, 0.08100699650871639, -0.003835262940388997, -0.004909146763649361, -0.006434120177773712, -0.008241790386081069, -0.010348055586853429, -0.001631361686421425, -0.0026195136004753244, -0.004121774445931675, -0.0060367322904819965, -0.008423885721247927, 0.0016443107285301474, 0.0009848977399683626, -0.0001791314249003657, -0.001907967626160368, -0.004394477145408328, 0.0055778598728372, 0.0055813686948486966, 0.005312727772790421, 0.004486661455268603, 0.0026315901500414654, 0.010310834602799196, 0.011436072339587593, 0.01302640359519507, 0.014870196688272207, 0.01670229408138584, 0.014109837970457628, 0.016174436537467286, 0.019443878058296424, 0.0241238213639795, 0.031473053980949656, 0.0157395778262574, 0.01787829728666027, 0.021046625856260968, 0.025044230396885088, 0.029955653354360887, 0.0416572625314522, 0.04845375138182744, 0.03057253397188628, 0.01317955138797113, 0.0071863976560489025, 0.004891467168412685, 0.035255441767313496, 0.038492279400494725, 0.03526108000862257, 0.026306383384512723, 0.017884702341999976, 0.012233754767396205, 0.029963459744880478, 0.03168031893736269, 0.03102674548293879, 0.027963267239173292, 0.02345762227059494, 0.018752843228530443]
obs_scale = [0.01617907876839861, 0.0159167471857583, 0.01561113571290945, 0.015325788814586105, 0.015072805079878755, 0.01730447543906739, 0.016884071187950128, 0.01637048721183763, 0.015863205552599326, 0.015384880732738124, 0.017758942006912276, 0.017169464336305017, 0.016414359967821555, 0.015622683175106188, 0.014827191908356487, 0.01765028831718335, 0.016929400162985078, 0.01595537671838644, 0.014854774627490167, 0.013640069343123975, 0.01711203553930094, 0.016353864431134582, 0.015278940718581, 0.013962309152980667, 0.012313216698875527, 0.01625335750227025, 0.015644495303792295, 0.014800693827030677, 0.013815601148878118, 0.01270773968303528, 0.014991651264893177, 0.014643985141361055, 0.014211527505793103, 0.01380291542764103, 0.01350785530601366, 0.013157183496252401, 0.014733317185609962, 0.016818008437964573, 0.013475485964401616, 0.010764904562776616, 0.009785624088818333, 0.01348530602302327, 0.014022655000838281, 0.015473264502788102, 0.016111538139925694, 0.01500420818053749, 0.013714237214854449, 0.013423348118572041, 0.013708644005023089, 0.014265706437922345, 0.01497255543603388, 0.015276987606762708, 0.014884264984795491, 0.006072666993159602, 0.006308074392899897, 0.006655285513116082, 0.007071931365797101, 0.00755101691903666, 0.004517719817172956, 0.004825680616810801, 0.0052777627723095645, 0.0058231836103165195, 0.006457118038491481, 0.0028904900668430696, 0.003229720505834194, 0.003733435733570176, 0.004362952010078583, 0.005136178974921505, 0.0018448939287373201, 0.0020518905111972783, 0.002391825569036688, 0.0028842812597231044, 0.0036238884395772626, 0.0026575338552358545, 0.002625209739896659, 0.002601319010528606, 0.0026213722819400515, 0.0027600737438218787, 0.004543894472077183, 0.004576253518757621, 0.004698956925402092, 0.0049995403769726825, 0.005694153813070897, 0.00636994147415075, 0.0064660841119835374, 0.006688376039849442, 0.007084478239756894, 0.007732482694731747, 0.008352286872582534, 0.011216285923314171, 0.009164036280712672, 0.006573171681141253, 0.005226745979458144, 0.0035831954481462696, 0.008704809115868014, 0.009933489602741671, 0.010607204058138486, 0.009666995390040093, 0.007798373059228001, 0.005947634405596928, 0.008991035449262878, 0.009725387015805189, 0.010398052289444926, 0.010720516130462805, 0.010249446516716087, 0.009088228766214797]